[0.8932475385994747, 0.9084569996800916, 0.9135953311262459, 0.9198435421647697, 0.9158561969625538, 0.9058672806312298, 0.9115811051993534, 0.9174593563737541, 0.9168838632517847, 0.9144585708091999, 0.9089502794989224, 0.9087858528926455, 0.9003589893209523, 0.9194735823006466, 0.9189803024818157, 0.9186103426176926, 0.9129376247011382, 0.9108822921226765, 0.9184459160114157, 0.9177882095863079, 0.9203368219836005, 0.9084569996800916, 0.9126087714885843, 0.8218863914752829, 0.9203368219836005, 0.917623782980031, 0.962758886403051, 0.9100190524397225, 0.9098546258334456, 0.9195146889522158, 0.9218988747432314, 0.9203779286351698, 0.9096901992271686, 0.9093202393630455, 0.8869171142578125, 0.916924969903354, 0.9201723953773235, 0.9290103254647091, 0.9071004801783068, 0.9075937599971377, 0.9143352508544922, 0.9124443448823074, 0.9156917703562769, 0.9068949469204607, 0.9037708414011988, 0.9138008643840921, 0.9129376247011382, 0.9103479056522764, 0.9041408012653219, 0.9019210420805832, 0.8941518849339979, 0.9082925730738146, 0.9132664779136921, 0.914664104067046, 0.9038119480527681, 0.8999890294568292, 0.9088269595442147, 0.9131020513074152, 0.9113755719415073, 0.903976374659045, 0.9034830948402142, 0.9098135191818764, 0.9103890123038456, 0.9105123322585533, 0.9045107611294451, 0.9029487083698141, 0.8636507494696255, 0.9127731980948612, 0.9129376247011382, 0.9144996774607691, 0.903976374659045, 0.903976374659045, 0.9125676648370151, 0.9112111453352303, 0.9112522519867996, 0.9051684675545528, 0.9048396143419989, 0.9051684675545528, 0.9110467187289534, 0.9098135191818764, 0.9022498952931371, 0.9027842817635372, 0.8957139376936287, 0.9122799182760304, 0.9113755719415073, 0.9298324584960938, 0.9008522691397831, 0.9001534560631061, 0.9091558127567686, 0.9114166785930765, 0.9061961338437837, 0.904675187735722, 0.9036064147949219, 0.8802167300520272, 0.9112522519867996, 0.9105123322585533, 0.904675187735722, 0.9043052278715988, 0.8963716441187365, 0.9132664779136921]
Enter correct distance0.914
Mean: 0.00843517461316
SD: 0.0135834720509


[1.1960802407100284, 1.2065624368601833, 1.2039727178113213, 1.173101622482826, 1.185721364514581, 1.2138383141879379, 1.2237861238676926, 1.222429604365908, 1.2227584575784618, 1.2155236869022763, 1.2186477924215382, 1.2162224999789535, 1.2153592602959995, 1.2169213130556304, 1.2101798221982758, 1.2169213130556304, 1.2167568864493534, 1.2167568864493534, 1.2147015538708916, 1.2144960206130455, 1.2172501662681843, 1.2148659804771686, 1.2155236869022763, 1.2163869265852303, 1.2174145928744613, 1.2156881135085533, 1.2158525401148303, 1.2160169667211072, 1.219839885317046, 1.2139616341426456, 1.2158525401148303, 1.2153592602959995, 1.2130983944596916, 1.2155236869022763, 1.2186066857699691, 1.219305498846646, 1.220538698393723, 1.2195110321044922, 1.2181134059511383, 1.221401938076677, 1.221401938076677, 1.219839885317046, 1.2196754587107692, 1.2193466054982152, 1.2200454185748923, 1.2183189392089844, 1.221566364682954, 1.2218952178955078, 1.221401938076677, 1.2230873107910156, 1.2244849369443696, 1.2246493635506466, 1.2227995642300309, 1.222429604365908, 1.222635137623754, 1.2241560837318157, 1.220703125, 1.2253481766273235, 1.2195110321044922, 1.2141260607489224, 1.220004311923323, 1.2264169495681236, 1.232418520697232, 1.2374335321886787, 1.2225940309721848, 1.2218952178955078, 1.2133039277175377, 1.2227584575784618, 1.2195110321044922, 1.2184833658152614, 1.2186477924215382, 1.2211964048188308, 1.2136327809300915, 1.2210319782125538, 1.2613987100535426, 1.2186066857699691, 1.219141072240369, 1.2196754587107692, 1.2258825630977237, 1.2265813761744007, 1.233651720244309, 1.2310208945438779, 1.2403932111016636, 1.2300343349062164, 1.2101798221982758, 1.2351726663523708, 1.2265813761744007, 1.2274035092057853, 1.2350082397460938, 1.2170857396619073, 1.2305276147250472, 1.2272390825995083, 1.2094810091215988, 1.219305498846646, 1.2167568864493534, 1.2267458027806775, 1.2034383313409214, 1.2270746559932315, 1.2288011353591393, 1.2281023222824623]
Enter correct distance1.2192
Mean: 0.00615928282639
SD: 0.00991108648363


1.5217271344415073
[1.504873407298121, 1.5196718018630455, 1.572946022296774, 1.5262077594625538, 1.5260844395078461, 1.5313871975602775, 1.5438014063341865, 1.4587928508890087, 1.5370599154768319, 1.5292907583302464, 1.526043332856277, 1.5231247605948612, 1.5203706149397225, 1.4008735788279567, 1.5264132927204002, 1.5195073752567685, 1.5224259475181843, 1.524316853490369, 1.5248512399607692, 1.441199204017376, 1.525015666567046, 1.5255500530374462, 1.5246868133544922, 1.5246868133544922, 1.524152426884092, 1.5238235736715382, 1.5287974785114158, 1.5112038316397831, 1.524152426884092, 1.5239880002778152, 1.524316853490369, 1.4638078623804553, 1.5224259475181843, 1.5212338546226765, 1.524481280096646, 1.524316853490369, 1.5262077594625538, 1.4736323521055024, 1.5270709991455078, 1.5220970943056304, 1.5322504372432315, 1.52587890625, 1.5246457067029229, 1.5052022605106747, 1.524152426884092, 1.5238235736715382, 1.5246868133544922, 1.526043332856277, 1.5224259475181843, 1.4608481834674705, 1.5246457067029229, 1.5227959073823074, 1.5263721860688308, 1.524152426884092, 1.5246457067029229, 1.5179453224971378, 1.5191374153926456, 1.5282630920410156, 1.5277698122221848, 1.5206994681522763, 1.5218915610477841, 1.4943501044963967, 1.5269065725392308, 1.524316853490369, 1.5279342388284618, 1.5248512399607692, 1.526742145932954, 1.525180093173323, 1.5282630920410156, 1.5258377995984307, 1.5277698122221848, 1.525015666567046, 1.5225903741244613, 1.526577719326677, 1.5294962915880927, 1.5408828340727707, 1.5443357928045864, 1.535867822581324, 1.5224259475181843, 1.5105461252146755, 1.5634503857842807, 1.5588053341569572, 1.5519405233448949, 1.556708894926926, 1.5479120714911099, 1.552269376557449, 1.5377587285535088, 1.5537903226655105, 1.5450346058812634, 1.5322915438948006, 1.5175753626330146, 1.523453613807415, 1.5234947204589844, 1.5229192273370151, 1.5229603339885842, 1.5277698122221848, 1.4836623750883957, 1.524481280096646, 1.5198362284693225, 1.5217271344415073]
Enter correct distance1.524
Mean: 0.0112817180555
SD: 0.0227466292551


[1.6398676510514885, 1.6365791189259495, 1.6332905868004108, 1.6350170661663186, 1.6381000650340114, 1.642251836842504, 1.6510486602783203, 1.654501619010136, 1.6610375766096444, 1.6718897326239224, 1.6779735170561692, 1.6815497957426926, 1.6824541420772159, 1.6796588897705078, 1.6855371409449085, 1.688085753342201, 1.6593110972437366, 1.6850027544745083, 1.6846739012619545, 1.6881268599937702, 1.6805221294534618, 1.6867292338404163, 1.6934707246977707, 1.7046928405761719, 1.7475670781628838, 1.704363987363618, 1.6865648072341393, 1.679330036557954, 1.679165609951677, 1.6786723301328461, 1.6353870260304417, 1.6750138381431843, 1.5741381151922818, 1.6771102773732152, 1.6691355869687836, 1.6903466191785088, 1.6846739012619545, 1.6820841822130927, 1.645211515755489, 1.678631223481277, 1.6772747039794922, 1.6765758909028152, 1.6794944631642308, 1.6829885285476158, 1.6836462349727237, 1.6896889127534012, 1.689154526283001, 1.6727940789584457, 1.6702043599095837, 1.6722596924880455, 1.6746849849306304, 1.6810154092722926, 1.6951972040636787, 1.6910454322551858, 1.6841395147915543, 1.680892089317585, 1.6765758909028152, 1.6681490273311221, 1.6648604952055832, 1.6720952658817685, 1.6686423071499528, 1.6620652428988754, 1.666710294526199, 1.667080254390322, 1.2379268120075095, 1.6697110800907529, 1.6681079206795528, 1.6681079206795528, 1.6719308392754917, 1.6691355869687836, 1.6798233163767848, 1.6679434940732758, 1.6679434940732758, 1.6681079206795528, 1.6658881614948142, 1.6686423071499528, 1.6726296523521686, 1.6724241190943225, 1.6681490273311221, 1.6732873587772763, 1.574179221843851, 1.6702043599095837, 1.6691355869687836, 1.6684367738921067, 1.6703687865158607, 1.6706976397284146, 1.664983815160291, 1.6729173989131534, 1.6695055468329068, 1.6689711603625068, 1.6696699734391838, 1.6672857876481681, 1.669176693620353, 1.6724652257458916, 1.6706976397284146, 1.6689711603625068, 1.6698755066970299, 1.6713964528050915, 1.6706976397284146, 1.6705332131221378]
Enter correct distance1.676
Mean: 0.0170706747963
SD: 0.0478269819904


[1.7927843948890423, 1.8055685635270744, 1.7994847790948276, 1.8182705188619679, 1.831219114106277, 1.8108713215795056, 1.8044997905862743, 1.8141598537050445, 1.807253936241413, 1.809185948865167, 1.8098436552902748, 1.807253936241413, 1.8136254672346444, 1.8132966140220905, 1.8110357481857826, 1.809514802077721, 1.806555123164736, 1.8029377378266433, 1.8107068949732288, 1.8096792286839978, 1.8101725085028286, 1.8074183628476899, 1.8114057080499057, 1.811076854837352, 1.807253936241413, 1.8107068949732288, 1.8083227091822132, 1.8143653869628906, 1.807089509635136, 1.809350375471444, 1.8107068949732288, 1.810049188548121, 1.808651562394767, 1.808651562394767, 1.807253936241413, 1.8103369351091056, 1.808815989001044, 1.8105424683669518, 1.8122278410812904, 1.8086104557431977, 1.807788322711813, 1.809514802077721, 1.8145298135691676, 1.8096792286839978, 1.8132966140220905, 1.8134610406283675, 1.8096792286839978, 1.8119400945203057, 1.8143242803113213, 1.806925083028859, 1.8115701346561826, 1.8141598537050445, 1.8127622275516904, 1.8138310004924905, 1.8103780417606747, 1.8118989878687366, 1.8129677608095367, 1.8107068949732288, 1.8153519466005523, 1.8112412814436287, 1.8141598537050445, 1.8310546875, 1.8143242803113213, 1.8124333743391365, 1.79397648778455, 1.8125978009454136, 1.8103369351091056, 1.7696824567071323, 1.8124333743391365, 1.810049188548121, 1.7410722272149448, 1.8156807998131061, 1.8155163732068291, 1.7645030186094086, 1.8132966140220905, 1.811076854837352, 1.8081582825759361, 1.80795274931809, 1.8153519466005523, 1.7977582997289197, 1.8132966140220905, 1.8129266541579674, 1.8003891254293507, 1.8137898938409214, 1.8148586667817215, 1.798662646063443, 1.8136665738862137, 1.8157219064646755, 1.8163796128897831, 1.8185993720745217, 1.820038104879445, 1.8184760521198142, 1.819503718409045, 1.818640478726091, 1.8213946243812298, 1.818640478726091, 1.8190104385902142, 1.819503718409045, 1.8198736782731681, 1.816708466102337]
Enter correct distance1.828
Mean: 0.0181428802595
SD: 0.0109951015208


[2.1212265409272293, 2.1382858013284616, 2.1443284791091393, 2.1445340123669854, 2.146383811687601, 2.1441640525028625, 2.1414099068477235, 2.1394778942239694, 2.1274336453141838, 2.1322431235477843, 2.1400122806943696, 2.168786936792834, 2.1291601246800917, 2.1222542072164603, 2.1212265409272293, 2.119993341380152, 2.124515073052768, 2.111895331021013, 2.126241552418676, 2.1198700214254447, 2.1219253540039062, 2.1163759560420594, 2.1183079686658135, 2.12332298015726, 2.12278859368686, 2.125378312735722, 2.123281873505691, 2.123980686582368, 2.1186368218783675, 2.1183079686658135, 2.113827343644767, 2.1174447289828597, 2.1301877909693223, 2.125542739341999, 2.119664488167598, 2.0560313915384225, 2.1183079686658135, 2.1137862369931977, 2.11259414409769, 2.1165814892999055, 2.1163759560420594, 2.115019436540275, 2.1165814892999055, 2.1146905833277208, 2.120692154456829, 2.1162115294357826, 2.1093467186237205, 2.113621810386921, 2.101248708264581, 2.115019436540275, 2.120856581063106, 2.1341751361715384, 2.1195000615613213, 2.1188012484846444, 2.1205277278505523, 2.0833262081803947, 2.1291601246800917, 2.1319142703352303, 2.1314209905163994, 2.1353672290670462, 2.124309539794922, 2.1241862198402144, 2.122624167080583, 2.1207332611083984, 2.10827794568292, 2.120157767986429, 2.1183079686658135, 2.1258715925545526, 2.123980686582368, 2.1176091555891365, 2.1308866040459993, 2.1236518333698142, 2.12171982074606, 2.124350646446491, 2.1241862198402144, 2.1084834789407663, 2.1231585535509834, 2.124350646446491, 2.1224597404743064, 2.1236518333698142, 2.124145113188645, 2.128461311603415, 2.124021793233937, 2.122583060429014, 2.0922874582224877, 2.119664488167598, 2.1188423551362137, 2.12278859368686, 2.124350646446491, 2.1200344480317215, 2.123816259976091, 2.1296945111504915, 2.1301877909693223, 2.123980686582368, 2.1205688345021216, 1.9114181913178543, 2.1236518333698142, 2.1129641039618132, 2.123980686582368, 2.1174036223312904]
Enter correct distance2.1336
Mean: 0.0156327269466
SD: 0.0243741523955


[2.4255390824942755, 2.441241823393723, 2.4574378441120017, 2.4726061985410492, 2.473263904966157, 2.466234667547818, 2.4339659460659684, 2.4315817602749528, 2.430554093985722, 2.4296497476511987, 2.4022727177060883, 2.429320894438645, 2.430554093985722, 2.4257035091005523, 2.428663188013537, 2.4255390824942755, 2.4217572705499055, 2.429526427696491, 2.4315406536233835, 2.4281288015431373, 2.4125904872499664, 2.4340070527175377, 2.42689560199606, 2.4222505503687364, 2.430554093985722, 2.4345003325363685, 2.4341303726722456, 2.4315817602749528, 2.4315817602749528, 2.4293620010902144, 2.417605498741413, 2.4329793864283067, 2.43174618688123, 2.4213873106857826, 2.4341714793238145, 1.877587417076374, 1.8770941372575431, 2.432116146745353, 2.4355279988255996, 2.4358979586897225, 1.8810814824597588, 1.8821091487489898, 2.4353635722193223, 2.4367611983726762, 2.4338015194596916, 2.4333082396408607, 1.9650212649641365, 2.4315817602749528, 2.403629237207873, 2.429855280909045, 2.429320894438645, 2.428457654755691, 2.430512987334153, 2.428293228149414, 2.429855280909045, 2.427758841679014, 2.241052430251549, 2.427758841679014, 2.430019707515322, 2.433143813034584, 2.430718520591999, 2.415180206298828, 2.4264023221772293, 2.4264023221772293, 2.417975458605536, 2.428293228149414, 2.427594415072737, 2.4315817602749528, 2.450367500042093, 2.068116747099778, 2.0145136734534956, 1.961403879626044, 1.9998385988432785, 1.9924394015608162, 1.9700362764555832, 1.9962212135051858, 1.982779338442046, 1.643649462995858, 1.6031183045485924, 1.6167246062180092, 2.428622081361968, 1.6179578057650863, 2.430225240773168, 2.430184134121599, 2.09861788256415, 1.9922338683029701, 1.9758734209784146, 1.993261534592201, 2.009868621826172, 2.428293228149414, 2.4329793864283067, 2.429855280909045, 2.427594415072737, 2.429320894438645, 2.441200716742154, 2.4320750400937836, 2.42689560199606, 2.429526427696491, 2.432116146745353, 2.4219216971561828]
Enter correct distance2.44
Mean: 0.127953890228
SD: 0.226644323567


[2.720027134336274, 2.7328113029743064, 2.726604198587352, 2.73692196813123, 2.7302215839254447, 2.732441343110183, 2.7070785390919654, 2.736428688312399, 2.738114061026738, 2.738114061026738, 2.2958887034449083, 2.735894301841999, 2.700542581492457, 2.7412381665459993, 2.735031062159045, 2.735565448629445, 2.7419369796226762, 2.735195488765322, 2.733633436005691, 2.732770196322737, 2.7340033958698142, 2.7367164348733835, 2.7326057697164603, 2.7319069566397833, 2.735688768584153, 2.732441343110183, 2.7291528109846444, 2.7174374152874123, 2.7307148637442755, 2.7305504371379983, 2.730016050667598, 2.7293583442424905, 2.6776050699168237, 2.7296871974550445, 2.7281662513469827, 2.706914112485688, 2.725206572433998, 2.7322769165039062, 2.73367454265726, 2.735401022023168, 2.7260287054653825, 2.7314136768209525, 2.733633436005691, 2.425169122630152, 2.7333045827931373, 2.7267686251936287, 2.734496675688645, 2.7274263316187364, 2.7267686251936287, 2.70037815488618, 2.730016050667598, 2.7291528109846444, 2.7279607180891365, 2.7310848236083984, 2.7282895713016906, 2.7288239577720903, 2.7307148637442755, 2.728618424514244, 2.7275907582250136, 2.7289883843783675, 2.730016050667598, 2.7307148637442755, 2.7322769165039062, 2.7291528109846444, 2.722781279991413, 2.7279607180891365, 2.7286595311658135, 2.7295227708487677, 2.732441343110183, 2.7405393534693223, 2.7308792903505523, 2.7286595311658135, 2.696719662896518, 2.7286595311658135, 2.732441343110183, 2.7308792903505523, 2.005716850017679, 2.7315781034272293, 2.731742530033506, 2.7274263316187364, 2.7262342387232286, 2.7296871974550445, 2.7286595311658135, 2.7305504371379983, 2.7215891870959052, 2.728618424514244, 2.729646090803475, 2.358453027133284, 2.7312492502146752, 2.7270974784061828, 2.724672185963598, 2.7317836366850754, 2.7362231550545526, 2.739018407361261, 2.7419369796226762, 2.7393472605738145, 2.7379496344204606, 2.7381551676783067, 2.2624278890675513, 2.733469009399414]
Enter correct distance2.74
Mean: 0.0338315484672
SD: 0.105596637024


[2.9053770262619545, 2.9283145378375877, 2.9267524850779565, 2.9283145378375877, 2.926793591729526, 2.924532725893218, 2.910720890965955, 2.8938260571709993, 2.8912363381221375, 2.886920139707368, 2.8924695376692147, 2.8834671809755523, 2.8814118483970903, 2.8802197555015825, 2.887618952784045, 2.8959224964010306, 2.8835082876271216, 2.90882998499377, 2.886961246358937, 2.9074734654919854, 2.8959224964010306, 2.889181005543676, 2.891400764728415, 2.900362014770508, 2.887454526177768, 2.8871256729652144, 2.8943604436413994, 2.890907484909584, 2.888482192466999, 2.889181005543676, 2.886056900024414, 2.8701897325186896, 2.8781233162715516, 2.874341504327182, 2.8932916707005996, 2.8953881099306304, 2.898471108798323, 2.8915651913346916, 2.890208671832907, 2.8967857360839844, 2.898676642056169, 2.889879818620353, 2.8917296179409684, 2.8933327773521684, 2.886755713101091, 2.8891398988921067, 2.8865912864948142, 2.886961246358937, 2.8932916707005996, 2.887290099571491, 2.890249778484476, 2.885029233735183, 2.88950985875623, 2.899334348481277, 2.8903730984391838, 2.8865912864948142, 2.889715392014076, 2.888153339254445, 2.8903730984391838, 2.885563620205583, 2.888482192466999, 2.8831383277629983, 2.8814118483970903, 2.854692524877088, 2.889674285362507, 2.8919351511988145, 2.88950985875623, 2.888482192466999, 2.8934972039584457, 2.888153339254445, 2.8953881099306304, 2.887947805996599, 2.8917707245925377, 2.896045816355738, 2.8951825766727843, 2.888153339254445, 2.893003924139615, 2.889879818620353, 2.8941960170351226, 2.8934972039584457, 2.896045816355738, 2.8958813897494613, 2.9159003290636787, 2.890701951651738, 2.221403450801455, 2.8927983908817687, 2.8893454321499528, 2.8898387119687836, 2.8959224964010306, 2.893003924139615, 2.890701951651738, 2.8917707245925377, 2.899375455132846, 2.8939904837772765, 2.898841068662446, 2.8943604436413994, 2.8939904837772765, 2.8929628174880455, 2.8922640044113685, 2.889016578937399]
Enter correct distance2.89
Mean: 0.0132906309194
SD: 0.0676745485475


[2.9067746524153084, 2.8236570029423156, 2.8972790159028152, 2.9055825595198006, 2.909487691418878, 2.9079667453108162, 2.9163936088825095, 2.9172979552170326, 2.910022077889278, 2.8943604436413994, 2.3105637780551254, 2.879192089212352, 2.9155303691995553, 1.7690247502820244, 2.911049744178509, 2.9036505468960465, 2.911584130648909, 2.9112141707847856, 2.9067746524153084, 2.9091999448578933, 2.8952236833243536, 1.5705207298541892, 1.5474598983238483, 1.548117604748956, 1.5405539808602169, 2.9175857017780173, 2.9007319746346307, 2.9017596409238617, 2.9146671295166016, 2.9190244345829406, 2.9052125996556777, 2.9017596409238617, 2.913310610014817, 2.9060758393386315, 2.9148726627744477, 2.8826450479441674, 2.911912983861463, 2.9159003290636787, 2.9150370893807245, 2.901430787711308, 2.856583430849273, 3.0735032311801254, 2.9177912350358635, 2.900567548028354, 2.9074734654919854, 2.9181200882484175, 2.910720890965955, 2.8212317104997306, 2.8919351511988145, 2.8919351511988145, 2.9027873072130927, 2.9050481730494004, 2.8826450479441674, 2.9141738496977707, 2.913310610014817, 2.9146671295166016, 2.9079667453108162, 2.898471108798323, 2.908460025129647, 2.901101934498754, 2.8236570029423156, 2.9089944116000472, 3.0812312816751413, 3.0883427323966193, 2.908131171917093, 2.9195177144017714, 2.920380954084725, 2.90882998499377, 2.9179556616421403, 2.9148726627744477, 2.901101934498754, 2.8893454321499528, 2.9031161604256464, 2.9067746524153084, 2.8588442966855805, 2.8812474217908135, 2.9053770262619545, 2.9195177144017714, 2.910186504495555, 2.864023734783304, 2.8907430583033067, 2.913803889833648, 2.593994140625, 2.8964157762198615, 1.8227922505345837, 1.5596685738399112, 1.552269376557449, 2.8684632531527816, 2.8598719629748115, 1.6632984424459523, 2.9141738496977707, 2.877794463058998, 2.909158838206324, 2.90936437146417, 2.9176268084295867, 2.9182845148546943, 2.9159003290636787, 2.9934685805748247, 2.8910719115158607, 3.035191831917598]
Enter correct distance3.04
Mean: 0.258324476781
SD: 0.375698674713